Enter value of q: 4
Calculated Trend: [   0.        0.        0.        0.     4146.1875 4237.9375 4302.875
 4341.     4289.875  4136.25   4037.875  4033.75   4060.0625 4098.6875
 4139.625  4123.3125 4176.6875 4320.9375 4403.125  4461.6875 4422.
 4262.5625 4179.1875 4166.     4159.75   4212.5625 4248.375  4221.4375
 4286.6875 4422.3125 4498.0625 4563.75   4540.     4378.0625 4280.8125
 4232.0625 4208.0625 4274.75   4285.0625 4251.8125 4307.6875 4428.625
 4531.875  4620.25   4608.75   4483.3125 4423.8125 4402.4375 4440.125
 4519.25   4542.5    4562.875  4619.25   4725.1875 4826.25   4892.875
 4831.4375 4676.9375 4583.3125 4526.1875 4552.3125 4607.9375 4634.5625
 4654.4375 4726.25   4896.8125 5015.1875 5121.875  5116.625  4963.375
 4877.6875 4860.375  4880.5625 4903.8125 4948.125  4932.25   4986.0625
 5191.25   5317.     5419.75   5419.1875 5280.625  5220.125  5246.375
 5274.375  5315.9375 5370.1875 5362.5625 5450.     5650.625  5782.8125
 5907.125  5903.625  5743.125  5690.8125 5681.5    5685.9375 5775.375
 5792.875  5750.0625 5844.     6032.375  6150.     6264.8125 6263.0625
 6087.4375 6012.4375 5982.5    5993.5    6072.0625 6084.5    6085.5
 6126.4375 6240.3125 6379.375  6515.75   6491.     6309.3125 6230.4375
 6208.4375 6291.3125 6407.375  6431.4375 6435.125  6492.6875 6649.75
 6766.0625 6880.375  6852.875  6662.75   6556.75   6502.1875 6543.875
 6619.1875 6685.5    6694.4375 6731.875  6939.6875 7092.5625 7231.8125
 7249.5625 7077.6875 6967.8125 6924.375  6957.3125 7019.25   7065.375
 7021.75   7052.125  7239.625  7368.125  7533.75   7545.5    7329.4375
 7251.5    7270.25   7323.25   7477.6875 7547.0625 7488.25   7589.625
 7818.1875 7943.     8078.25   8044.8125 7773.4375 7673.6875 7636.8125
 7633.125  7803.0625 7875.6875 7863.125  8002.1875 8253.5    8456.9375
 8670.375  8670.     8370.     8233.6875 8175.875  8188.6875 8337.25
 8357.5    8324.875  8418.25   8693.375  8949.6875 9164.1875 9149.1875
 8869.3125 8729.0625 8673.375  8737.3125 8862.25   8892.9375 8860.
 8950.125  9237.4375 9416.0625 9562.125     0.        0.        0.
    0.    ]
Extracted Seasonality: [-356.61366422  -82.64920343   52.99172794  386.27113971 -356.61366422
  -82.64920343   52.99172794  386.27113971 -356.61366422  -82.64920343
   52.99172794  386.27113971 -356.61366422  -82.64920343   52.99172794
  386.27113971 -356.61366422  -82.64920343   52.99172794  386.27113971
 -356.61366422  -82.64920343   52.99172794  386.27113971 -356.61366422
  -82.64920343   52.99172794  386.27113971 -356.61366422  -82.64920343
   52.99172794  386.27113971 -356.61366422  -82.64920343   52.99172794
  386.27113971 -356.61366422  -82.64920343   52.99172794  386.27113971
 -356.61366422  -82.64920343   52.99172794  386.27113971 -356.61366422
  -82.64920343   52.99172794  386.27113971 -356.61366422  -82.64920343
   52.99172794  386.27113971 -356.61366422  -82.64920343   52.99172794
  386.27113971 -356.61366422  -82.64920343   52.99172794  386.27113971
 -356.61366422  -82.64920343   52.99172794  386.27113971 -356.61366422
  -82.64920343   52.99172794  386.27113971 -356.61366422  -82.64920343
   52.99172794  386.27113971 -356.61366422  -82.64920343   52.99172794
  386.27113971 -356.61366422  -82.64920343   52.99172794  386.27113971
 -356.61366422  -82.64920343   52.99172794  386.27113971 -356.61366422
  -82.64920343   52.99172794  386.27113971 -356.61366422  -82.64920343
   52.99172794  386.27113971 -356.61366422  -82.64920343   52.99172794
  386.27113971 -356.61366422  -82.64920343   52.99172794  386.27113971
 -356.61366422  -82.64920343   52.99172794  386.27113971 -356.61366422
  -82.64920343   52.99172794  386.27113971 -356.61366422  -82.64920343
   52.99172794  386.27113971 -356.61366422  -82.64920343   52.99172794
  386.27113971 -356.61366422  -82.64920343   52.99172794  386.27113971
 -356.61366422  -82.64920343   52.99172794  386.27113971 -356.61366422
  -82.64920343   52.99172794  386.27113971 -356.61366422  -82.64920343
   52.99172794  386.27113971 -356.61366422  -82.64920343   52.99172794
  386.27113971 -356.61366422  -82.64920343   52.99172794  386.27113971
 -356.61366422  -82.64920343   52.99172794  386.27113971 -356.61366422
  -82.64920343   52.99172794  386.27113971 -356.61366422  -82.64920343
   52.99172794  386.27113971 -356.61366422  -82.64920343   52.99172794
  386.27113971 -356.61366422  -82.64920343   52.99172794  386.27113971
 -356.61366422  -82.64920343   52.99172794  386.27113971 -356.61366422
  -82.64920343   52.99172794  386.27113971 -356.61366422  -82.64920343
   52.99172794  386.27113971 -356.61366422  -82.64920343   52.99172794
  386.27113971 -356.61366422  -82.64920343   52.99172794  386.27113971
 -356.61366422  -82.64920343   52.99172794  386.27113971 -356.61366422
  -82.64920343   52.99172794  386.27113971 -356.61366422  -82.64920343
   52.99172794  386.27113971 -356.61366422  -82.64920343   52.99172794
  386.27113971 -356.61366422  -82.64920343   52.99172794  386.27113971
 -356.61366422  -82.64920343   52.99172794  386.27113971]
